112 73 117 trapEMPZ -0.00325775 0 0.740054 0 -1.13219e-09 0
112 1630 1638 trapEMPZ 0.794557 0 0.738102 0 5.60174e-07 0
112 118 136 trapEMPZ 8.84794e-05 0 0.739588 0 -1.11397e-09 0
112 938 955 trapEMPZ 0.445253 0 0.737347 0 6.15067e-07 0
112 2574 2575 trapEMPZ -0.00136461 0 0.741956 0 -2.30394e-09 0
112 2340 2403 trapEMPZ -0.255653 0 0.741391 0 1.11226e-08 0
112 2246 2295 trapEMPZ -0.261405 0 0.741157 0 8.6199e-08 0
112 2296 2339 trapEMPZ -0.199642 0 0.741067 0 1.06819e-07 0
112 2060 2109 trapEMPZ -0.324795 0 0.741546 0 1.42528e-07 0
112 2110 2159 trapEMPZ -0.411446 0 0.741778 0 -3.95668e-08 0
112 2160 2209 trapEMPZ -0.537629 0 0.741924 0 -7.72571e-08 0
112 2210 2245 trapEMPZ -0.41654  0 0.741833 0 2.14972e-08 0
112 1737 1786 trapEMPZ 0.283084  0 0.739864 0 4.64764e-07 0
112 1787 1835 trapEMPZ 0.342156  0 0.739792 0 4.26862e-07 0
112 1836 1885 trapEMPZ 0.108373  0 0.740333 0 4.47753e-07 0
112 1886 1935 trapEMPZ 0.134752  0 0.740262 0 4.75414e-07 0
112 1936 1985 trapEMPZ 0.17416   0 0.740084 0 4.48974e-07 0
112 1986 2035 trapEMPZ 0.166052  0 0.740388 0 3.84307e-07 0
112 2036 2059 trapEMPZ 0.512111  0 0.740297 0 3.04013e-07 0
112 1639 1688 trapEMPZ 0.622254  0 0.739495 0 6.393e-07 0
112 1689 1736 trapEMPZ 0.292432  0 0.739887 0 4.77698e-07 0
112 1536 1585 trapEMPZ 0.519703  0 0.737933 0 4.81545e-07 0
112 1586 1629 trapEMPZ 0.324177  0 0.738198 0 4.25342e-07 0
112 1446 1495 trapEMPZ -0.117965 0 0.7378   0 3.99707e-07 0
112 1496 1535 trapEMPZ 0.281011  0 0.738068 0 4.00347e-07 0
112 1395 1445 trapEMPZ 0.590237  0 0.736881 0 5.09445e-07 0
112 1357 1394 trapEMPZ 0.270028  0 0.737442 0 3.84375e-07 0
112 1306 1356 trapEMPZ 0.350985  0 0.738007 0 4.25527e-07 0
112 1151 1199 trapEMPZ 0.354867  0 0.738432 0 4.07459e-07 0
112 334  386  trapEMPZ 0.471782  0 0.737487 0 4.16767e-07 0
112 180  224  trapEMPZ -0.00568275 0 0.7388 0 -4.22153e-09 0
112 387  431  trapEMPZ 0.646174  0 0.737881 0 3.58092e-07 0
112 137  179  trapEMPZ 0.552512  0 0.738264 0 3.8935e-07 0
112 1099 1150 trapEMPZ 0.354361  0 0.738217 0 4.38461e-07 0
112 62   72   trapEMPZ -0.358276 0 0.74109  0 1.38612e-07 0
112 1050 1098 trapEMPZ 0.259674  0 0.738214 0 4.11955e-07 0
112 1011 1049 trapEMPZ 0.20319   0 0.738158 0 3.9766e-07 0
112 956  1003 trapEMPZ 0.353864  0 0.738257 0 4.1657e-07 0
112 833  937  trapEMPZ 0.192038  0 0.737934 0 3.20994e-07 0
112 2404 2453 trapEMPZ 0.352922  0 0.740367 0 4.178e-07 0
112 2454 2513 trapEMPZ 0.199055  0 0.740183 0 3.68768e-07 0
112 2514 2573 trapEMPZ -0.189769 0 0.740766 0 3.33624e-07 0
112 790  831  trapEMPZ 0.300686  0 0.73802  0 3.58275e-07 0
112 600  649  trapEMPZ -0.0136582 0 0.739233 0 -1.05871e-08 0
112 650  749  trapEMPZ 0.631479  0 0.738092 0 3.69609e-07 0
112 750  789  trapEMPZ 0.460412  0 0.737803 0 4.33125e-07 0
112 227  234  trapEMPZ 0.4991    0 0.737706 0 4.50603e-07 0
112 235  280  trapEMPZ 0.427786  0 0.73771  0 4.45019e-07 0
112 281  333  trapEMPZ 0.556495  0 0.73748  0 6.57759e-07 0
112 2576 2625 trapEMPZ -0.629568 0 0.741888 0 -4.90595e-08 0
112 2626 2675 trapEMPZ -1.12742 0 0.742652 0 -6.71902e-08 0
112 2676 2725 trapEMPZ -0.288112 0 0.74153 0 8.65153e-08 0
112 2726 2775 trapEMPZ -1.04627 0 0.742479 0 -3.1602e-08 0
112 2776 2825 trapEMPZ -0.717078 0 0.74164 0 8.8032e-08 0
112 2826 2875 trapEMPZ -0.716944 0 0.74164 0 8.80808e-08 0
112 2876 2907 trapEMPZ -0.716891 0 0.74164 0 8.80612e-08 0
112 2908 10000 trapEMPZ -0.716891 0 0.74164 0 8.80612e-08 0
